[1000] 1000
[2000] 2000
[3000] 3000
[4000] 4000
[5000] 5000
[6000] 6000
[7000] 7000
[8000] 8000
[9000] 9000
[10000] 10000
[11000] 11000
[12000] 12000
[13000] 13000
[14000] 14000
[15000] 15000
[16000] 16000
[17000] 17000
[18000] 18000
[19000] 19000
[20000] 20000
[21000] 21000
[22000] 22000
[23000] 23000
[24000] 24000
[25000] 25000
[26000] 26000
[27000] 27000
[28000] 28000
[29000] 29000
[30000] 30000
[31000] 31000
[32000] 32000
[33000] 33000
[34000] 34000
[35000] 35000
[36000] 36000
[37000] 37000
[38000] 38000
[39000] 39000
[40000] 40000
[41000] 41000
[42000] 42000
[43000] 43000
[44000] 44000
[45000] 45000
[46000] 46000
[47000] 47000
[48000] 48000
[49000] 49000
[50000] 50000
[51000] 51000
[52000] 52000
[53000] 53000
[54000] 54000
[55000] 55000
[56000] 56000
[57000] 57000
[58000] 58000
[59000] 59000
[60000] 60000
[61000] 61000
[62000] 62000
[63000] 63000
[64000] 64000
[65000] 65000
[66000] 66000
[67000] 67000
[68000] 68000
[69000] 69000
[70000] 70000
[71000] 71000
[72000] 72000
[73000] 73000
[74000] 74000
[75000] 75000
[76000] 76000
[77000] 77000
[78000] 78000
[79000] 79000
[80000] 80000
[81000] 81000
[82000] 82000
[83000] 83000
[84000] 84000
[85000] 85000
[86000] 86000
[87000] 87000
[88000] 88000
[89000] 89000
[90000] 90000
[91000] 91000
[92000] 92000
[93000] 93000
[94000] 94000
[95000] 95000
[96000] 96000
[97000] 97000
[98000] 98000
[99000] 99000
[100000] 100000
[101000] 101000
[102000] 102000
[103000] 103000
[104000] 104000
[105000] 105000
[106000] 106000
[107000] 107000
[108000] 108000
[109000] 109000
[110000] 110000
[111000] 111000
[112000] 112000
[113000] 113000
[114000] 114000
[115000] 115000
[116000] 116000
[117000] 117000
[118000] 118000
[119000] 119000
[120000] 120000
[121000] 121000
[122000] 122000
[123000] 123000
[124000] 124000
[125000] 125000
[126000] 126000
[127000] 127000
[128000] 128000
[129000] 129000
[130000] 130000
[131000] 131000
[132000] 132000
[133000] 133000
[134000] 134000
[135000] 135000
[136000] 136000
[137000] 137000
[138000] 138000
[139000] 139000
[140000] 140000
[141000] 141000
[142000] 142000
[143000] 143000
[144000] 144000
[145000] 145000
[146000] 146000
[147000] 147000
[148000] 148000
[149000] 149000
[150000] 150000
[151000] 151000
[152000] 152000
[153000] 153000
[154000] 154000
[155000] 155000
[156000] 156000
[157000] 157000
[158000] 158000
[159000] 159000
[160000] 160000
[161000] 161000
[162000] 162000
[163000] 163000
[164000] 164000
[165000] 165000
[166000] 166000
[167000] 167000
[168000] 168000
[169000] 169000
[170000] 170000
[171000] 171000
[172000] 172000
[173000] 173000
[174000] 174000
[175000] 175000
[176000] 176000
[177000] 177000
[178000] 178000
[179000] 179000
[180000] 180000
[181000] 181000
[182000] 182000
[183000] 183000
[184000] 184000
[185000] 185000
[186000] 186000
[187000] 187000
[188000] 188000
[189000] 189000
[190000] 190000
[191000] 191000
[192000] 192000
[193000] 193000
[194000] 194000
[195000] 195000
[196000] 196000
[197000] 197000
[198000] 198000
[199000] 199000
[200000] 200000
[201000] 201000
[202000] 202000
[203000] 203000
[204000] 204000
[205000] 205000
[206000] 206000
[207000] 207000
[208000] 208000
[209000] 209000
[210000] 210000
[211000] 211000
[212000] 212000
[213000] 213000
[214000] 214000
[215000] 215000
[216000] 216000
[217000] 217000
[218000] 218000
[219000] 219000
[220000] 220000
[221000] 221000
[222000] 222000
[223000] 223000
[224000] 224000
[225000] 225000
[226000] 226000
[227000] 227000
[228000] 228000
[229000] 229000
[230000] 230000
[231000] 231000
[232000] 232000
[233000] 233000
[234000] 234000
[235000] 235000
[236000] 236000
[237000] 237000
[238000] 238000
[239000] 239000
[240000] 240000
[241000] 241000
[242000] 242000
[243000] 243000
[244000] 244000
[245000] 245000
[246000] 246000
[247000] 247000
[248000] 248000
[249000] 249000
[250000] 250000
[251000] 251000
[252000] 252000
[253000] 253000
[254000] 254000
[255000] 255000
[256000] 256000
[257000] 257000
[258000] 258000
[259000] 259000
[260000] 260000
[261000] 261000
[262000] 262000
[263000] 263000
[264000] 264000
[265000] 265000
[266000] 266000
[267000] 267000
[268000] 268000
[269000] 269000
[270000] 270000
[271000] 271000
[272000] 272000
[273000] 273000
[274000] 274000
[275000] 275000
[276000] 276000
[277000] 277000
[278000] 278000
[279000] 279000
[280000] 280000
[281000] 281000
[282000] 282000
[283000] 283000
[284000] 284000
[285000] 285000
[286000] 286000
[287000] 287000
[288000] 288000
[289000] 289000
[290000] 290000
[291000] 291000
[292000] 292000
[293000] 293000
[294000] 294000
[295000] 295000
[296000] 296000
[297000] 297000
[298000] 298000
[299000] 299000
[300000] 300000
[301000] 301000
[302000] 302000
[303000] 303000
[304000] 304000
[305000] 305000
[306000] 306000
[307000] 307000
[308000] 308000
[309000] 309000
[310000] 310000
[311000] 311000
[312000] 312000
[313000] 313000
[314000] 314000
[315000] 315000
[316000] 316000
[317000] 317000
[318000] 318000
[319000] 319000
[320000] 320000
[321000] 321000
[322000] 322000
[323000] 323000
[324000] 324000
[325000] 325000
[326000] 326000
[327000] 327000
[328000] 328000
[329000] 329000
[330000] 330000
[331000] 331000
[332000] 332000
[333000] 333000
[334000] 334000
[335000] 335000
[336000] 336000
[337000] 337000
[338000] 338000
[339000] 339000
[340000] 340000
[341000] 341000
[342000] 342000
[343000] 343000
[344000] 344000
[345000] 345000
[346000] 346000
[347000] 347000
[348000] 348000
[349000] 349000
[350000] 350000
[351000] 351000
[352000] 352000
[353000] 353000
[354000] 354000
[355000] 355000
[356000] 356000
[357000] 357000
[358000] 358000
[359000] 359000
[360000] 360000
[361000] 361000
[362000] 362000
[363000] 363000
[364000] 364000
[365000] 365000
[366000] 366000
[367000] 367000
[368000] 368000
[369000] 369000
[370000] 370000
[371000] 371000
[372000] 372000
[373000] 373000
[374000] 374000
[375000] 375000
[376000] 376000
[377000] 377000
[378000] 378000
[379000] 379000
[380000] 380000
[381000] 381000
[382000] 382000
[383000] 383000
[384000] 384000
[385000] 385000
[386000] 386000
[387000] 387000
[388000] 388000
[389000] 389000
[390000] 390000
[391000] 391000
[392000] 392000
[393000] 393000
[394000] 394000
[395000] 395000
[396000] 396000
[397000] 397000
[398000] 398000
[399000] 399000
[400000] 400000
[401000] 401000
[402000] 402000
[403000] 403000
[404000] 404000
[405000] 405000
[406000] 406000
[407000] 407000
[408000] 408000
[409000] 409000
[410000] 410000
[411000] 411000
[412000] 412000
[413000] 413000
[414000] 414000
[415000] 415000
[416000] 416000
[417000] 417000
[418000] 418000
[419000] 419000
[420000] 420000
[421000] 421000
[422000] 422000
[423000] 423000
[424000] 424000
[425000] 425000
[426000] 426000
[427000] 427000
[428000] 428000
[429000] 429000
[430000] 430000
[431000] 431000
[432000] 432000
[433000] 433000
[434000] 434000
[435000] 435000
[436000] 436000
[437000] 437000
[438000] 438000
[439000] 439000
[440000] 440000
[441000] 441000
[442000] 442000
[443000] 443000
[444000] 444000
[445000] 445000
[446000] 446000
[447000] 447000
[448000] 448000
[449000] 449000
[450000] 450000
[451000] 451000
[452000] 452000
[453000] 453000
[454000] 454000
[455000] 455000
[456000] 456000
[457000] 457000
[458000] 458000
[459000] 459000
[460000] 460000
[461000] 461000
[462000] 462000
[463000] 463000
[464000] 464000
[465000] 465000
[466000] 466000
[467000] 467000
[468000] 468000
[469000] 469000
[470000] 470000
[471000] 471000
[472000] 472000
[473000] 473000
[474000] 474000
[475000] 475000
[476000] 476000
[477000] 477000
[478000] 478000
[479000] 479000
[480000] 480000
[481000] 481000
[482000] 482000
[483000] 483000
[484000] 484000
[485000] 485000
[486000] 486000
[487000] 487000
[488000] 488000
[489000] 489000
[490000] 490000
[491000] 491000
[492000] 492000
[493000] 493000
[494000] 494000
[495000] 495000
[496000] 496000
[497000] 497000
[498000] 498000
[499000] 499000
[500000] 500000